                 Generalized Linear Model Regression Results                  
==============================================================================
Dep. Variable:                      y   No. Observations:                27448
Model:                            GLM   Df Residuals:                    27368
Model Family:                Gaussian   Df Model:                           79
Link Function:          inverse_power   Scale:                       0.0025881
Method:                          IRLS   Log-Likelihood:                 42844.
Date:                Tue, 18 Jan 2022   Deviance:                       70.832
Time:                        16:56:31   Pearson chi2:                     70.8
No. Iterations:                   100   Pseudo R-squ. (CS):             0.9164
Covariance Type:            nonrobust                                         
==============================================================================
                 coef    std err          z      P>|z|      [0.025      0.975]
------------------------------------------------------------------------------
const        -73.5774      9.195     -8.002      0.000     -91.598     -55.556
x1             1.0930      0.251      4.360      0.000       0.602       1.584
x2            -0.9808      0.334     -2.939      0.003      -1.635      -0.327
x3             0.4529      0.336      1.347      0.178      -0.206       1.112
x4             0.2248      0.214      1.049      0.294      -0.195       0.645
x5            -0.1540      0.038     -4.004      0.000      -0.229      -0.079
x6            -0.2247      0.047     -4.777      0.000      -0.317      -0.133
x7             0.0163      0.044      0.371      0.710      -0.070       0.102
x8             0.0685      0.032      2.148      0.032       0.006       0.131
x9             0.0373      0.217      0.172      0.863      -0.388       0.462
x10           -0.8630      0.201     -4.290      0.000      -1.257      -0.469
x11            0.0445      0.161      0.277      0.782      -0.270       0.359
x12            0.1105      0.128      0.863      0.388      -0.140       0.361
x13           -0.4456      0.047     -9.542      0.000      -0.537      -0.354
x14            0.3150      0.061      5.134      0.000       0.195       0.435
x15            0.2730      0.060      4.549      0.000       0.155       0.391
x16            0.1535      0.043      3.562      0.000       0.069       0.238
x17            0.0517      0.032      1.602      0.109      -0.012       0.115
x18           -0.1390      0.044     -3.132      0.002      -0.226      -0.052
x19            0.0660      0.037      1.788      0.074      -0.006       0.138
x20           -0.1630      0.031     -5.202      0.000      -0.224      -0.102
x21           -0.1679      0.056     -3.020      0.003      -0.277      -0.059
x22           -0.1439      0.101     -1.425      0.154      -0.342       0.054
x23            0.6313      0.110      5.722      0.000       0.415       0.848
x24           -0.1741      0.099     -1.764      0.078      -0.367       0.019
x25           -1.1639      0.083    -14.045      0.000      -1.326      -1.001
x26           -0.2285      0.078     -2.943      0.003      -0.381      -0.076
x27           -0.0831      0.085     -0.980      0.327      -0.249       0.083
x28            0.1561      0.084      1.857      0.063      -0.009       0.321
x29            3.7361      0.428      8.735      0.000       2.898       4.574
x30           -0.8209      0.547     -1.502      0.133      -1.892       0.250
x31           -2.5751      0.457     -5.637      0.000      -3.471      -1.680
x32            1.6650      0.289      5.760      0.000       1.098       2.232
x33           -0.8797      0.230     -3.822      0.000      -1.331      -0.429
x34           -0.0515      0.257     -0.201      0.841      -0.555       0.452
x35            0.1319      0.253      0.522      0.601      -0.363       0.627
x36           -0.2300      0.193     -1.191      0.234      -0.608       0.148
x37            0.1483      0.368      0.403      0.687      -0.573       0.870
x38            0.1111      0.459      0.242      0.809      -0.789       1.011
x39           -0.2161      0.368     -0.587      0.557      -0.937       0.505
x40           -0.5288      0.214     -2.477      0.013      -0.947      -0.110
x41            0.3778      0.083      4.531      0.000       0.214       0.541
x42           -0.0035      0.091     -0.038      0.969      -0.182       0.175
x43           -0.0437      0.087     -0.503      0.615      -0.214       0.127
x44           -0.0144      0.077     -0.187      0.852      -0.166       0.137
x45           -0.0816      0.019     -4.326      0.000      -0.119      -0.045
x46           -0.5260      0.033    -16.068      0.000      -0.590      -0.462
x47           -0.0520      0.030     -1.711      0.087      -0.112       0.008
x48           -0.0330      0.025     -1.346      0.178      -0.081       0.015
x49            0.0544      0.009      6.019      0.000       0.037       0.072
x50            1.6390      0.059     27.609      0.000       1.523       1.755
x51            0.1587      0.031      5.106      0.000       0.098       0.220
x52            0.8163      0.036     22.787      0.000       0.746       0.887
x53           -0.7957      2.452     -0.325      0.745      -5.601       4.009
x54           52.9073      1.398     37.846      0.000      50.167      55.647
x55            8.4754      2.156      3.931      0.000       4.249      12.702
x56          -42.3461      1.561    -27.123      0.000     -45.406     -39.286
x57           15.8558      0.741     21.392      0.000      14.403      17.309
x58          -15.0544      0.599    -25.144      0.000     -16.228     -13.881
x59           -1.0264      0.415     -2.471      0.013      -1.841      -0.212
x60           -3.0311      0.425     -7.133      0.000      -3.864      -2.198
x61          -20.2406      1.906    -10.617      0.000     -23.977     -16.504
x62           51.3091     11.092      4.626      0.000      29.569      73.049
x63          -62.3405      8.158     -7.641      0.000     -78.330     -46.351
x64           65.7227      6.702      9.807      0.000      52.587      78.858
x65          -12.9498      2.946     -4.395      0.000     -18.724      -7.175
x66           18.1973      5.353      3.399      0.001       7.706      28.689
x67           13.6532      2.145      6.365      0.000       9.449      17.857
x68           -1.0464      1.501     -0.697      0.486      -3.987       1.895
x69            1.2399      0.427      2.903      0.004       0.403       2.077
x70            2.2035      0.401      5.493      0.000       1.417       2.990
x71           -6.1846      0.337    -18.366      0.000      -6.845      -5.525
x72           10.2602      0.543     18.908      0.000       9.197      11.324
x73           -0.2472      0.054     -4.588      0.000      -0.353      -0.142
x74            0.0047      0.053      0.089      0.929      -0.100       0.109
x75            0.3904      0.105      3.734      0.000       0.185       0.595
x76           -0.9556      0.079    -12.147      0.000      -1.110      -0.801
x77           -0.0081      0.015     -0.549      0.583      -0.037       0.021
x78            0.6729      0.020     33.495      0.000       0.633       0.712
x79            0.2942      0.025     11.896      0.000       0.246       0.343
x80            0.6804      0.038     17.696      0.000       0.605       0.756
==============================================================================
                Results: Generalized linear model
=================================================================
Model:              GLM              AIC:            -85528.7546 
Link Function:      inverse_power    BIC:            -279631.4578
Dependent Variable: y                Log-Likelihood: 42844.      
Date:               2022-01-18 16:56 LL-Null:        8779.3      
No. Observations:   27448            Deviance:       70.832      
Df Model:           79               Pearson chi2:   70.8        
Df Residuals:       27368            Scale:          0.0025881   
Method:             IRLS                                         
------------------------------------------------------------------
           Coef.    Std.Err.     z      P>|z|    [0.025    0.975] 
------------------------------------------------------------------
const     -73.5774    9.1945   -8.0023  0.0000  -91.5983  -55.5564
x1          1.0930    0.2507    4.3604  0.0000    0.6017    1.5843
x2         -0.9808    0.3337   -2.9390  0.0033   -1.6349   -0.3267
x3          0.4529    0.3362    1.3471  0.1779   -0.2060    1.1118
x4          0.2248    0.2143    1.0493  0.2940   -0.1951    0.6448
x5         -0.1540    0.0385   -4.0045  0.0001   -0.2294   -0.0786
x6         -0.2247    0.0470   -4.7770  0.0000   -0.3169   -0.1325
x7          0.0163    0.0439    0.3715  0.7103   -0.0697    0.1023
x8          0.0685    0.0319    2.1481  0.0317    0.0060    0.1311
x9          0.0373    0.2168    0.1722  0.8633   -0.3876    0.4623
x10        -0.8630    0.2012   -4.2897  0.0000   -1.2573   -0.4687
x11         0.0445    0.1606    0.2769  0.7818   -0.2703    0.3592
x12         0.1105    0.1281    0.8630  0.3882   -0.1405    0.3615
x13        -0.4456    0.0467   -9.5417  0.0000   -0.5371   -0.3541
x14         0.3150    0.0614    5.1341  0.0000    0.1948    0.4353
x15         0.2730    0.0600    4.5488  0.0000    0.1554    0.3907
x16         0.1535    0.0431    3.5618  0.0004    0.0690    0.2380
x17         0.0517    0.0323    1.6018  0.1092   -0.0116    0.1150
x18        -0.1390    0.0444   -3.1319  0.0017   -0.2260   -0.0520
x19         0.0660    0.0369    1.7878  0.0738   -0.0064    0.1383
x20        -0.1630    0.0313   -5.2023  0.0000   -0.2244   -0.1016
x21        -0.1679    0.0556   -3.0200  0.0025   -0.2769   -0.0590
x22        -0.1439    0.1009   -1.4254  0.1540   -0.3417    0.0540
x23         0.6313    0.1103    5.7222  0.0000    0.4151    0.8476
x24        -0.1741    0.0987   -1.7641  0.0777   -0.3674    0.0193
x25        -1.1639    0.0829  -14.0450  0.0000   -1.3263   -1.0015
x26        -0.2285    0.0776   -2.9434  0.0032   -0.3806   -0.0763
x27        -0.0831    0.0848   -0.9801  0.3270   -0.2493    0.0831
x28         0.1561    0.0841    1.8568  0.0633   -0.0087    0.3209
x29         3.7361    0.4277    8.7347  0.0000    2.8978    4.5744
x30        -0.8209    0.5465   -1.5021  0.1331   -1.8920    0.2502
x31        -2.5751    0.4569   -5.6365  0.0000   -3.4706   -1.6797
x32         1.6650    0.2891    5.7602  0.0000    1.0985    2.2315
x33        -0.8797    0.2302   -3.8224  0.0001   -1.3308   -0.4287
x34        -0.0515    0.2569   -0.2006  0.8410   -0.5550    0.4519
x35         0.1319    0.2526    0.5224  0.6014   -0.3631    0.6270
x36        -0.2300    0.1931   -1.1910  0.2336   -0.6084    0.1485
x37         0.1483    0.3683    0.4028  0.6871   -0.5734    0.8701
x38         0.1111    0.4594    0.2418  0.8089   -0.7893    1.0115
x39        -0.2161    0.3679   -0.5874  0.5569   -0.9373    0.5050
x40        -0.5288    0.2135   -2.4766  0.0133   -0.9473   -0.1103
x41         0.3778    0.0834    4.5310  0.0000    0.2144    0.5412
x42        -0.0035    0.0913   -0.0384  0.9694   -0.1824    0.1754
x43        -0.0437    0.0868   -0.5028  0.6151   -0.2138    0.1265
x44        -0.0144    0.0771   -0.1870  0.8517   -0.1656    0.1367
x45        -0.0816    0.0189   -4.3263  0.0000   -0.1186   -0.0446
x46        -0.5260    0.0327  -16.0680  0.0000   -0.5902   -0.4618
x47        -0.0520    0.0304   -1.7109  0.0871   -0.1116    0.0076
x48        -0.0330    0.0245   -1.3462  0.1782   -0.0811    0.0150
x49         0.0544    0.0090    6.0187  0.0000    0.0367    0.0721
x50         1.6390    0.0594   27.6090  0.0000    1.5226    1.7553
x51         0.1587    0.0311    5.1062  0.0000    0.0978    0.2197
x52         0.8163    0.0358   22.7874  0.0000    0.7461    0.8866
x53        -0.7957    2.4515   -0.3246  0.7455   -5.6006    4.0091
x54        52.9073    1.3980   37.8462  0.0000   50.1674   55.6473
x55         8.4754    2.1563    3.9306  0.0001    4.2492   12.7016
x56       -42.3461    1.5613  -27.1229  0.0000  -45.4062  -39.2861
x57        15.8558    0.7412   21.3916  0.0000   14.4030   17.3086
x58       -15.0544    0.5987  -25.1437  0.0000  -16.2279  -13.8809
x59        -1.0264    0.4155   -2.4705  0.0135   -1.8407   -0.2121
x60        -3.0311    0.4249   -7.1333  0.0000   -3.8639   -2.1983
x61       -20.2406    1.9065  -10.6169  0.0000  -23.9771  -16.5040
x62        51.3091   11.0922    4.6257  0.0000   29.5688   73.0495
x63       -62.3405    8.1582   -7.6414  0.0000  -78.3303  -46.3507
x64        65.7227    6.7018    9.8067  0.0000   52.5874   78.8579
x65       -12.9498    2.9462   -4.3954  0.0000  -18.7242   -7.1753
x66        18.1973    5.3531    3.3994  0.0007    7.7055   28.6891
x67        13.6532    2.1449    6.3655  0.0000    9.4493   17.8570
x68        -1.0464    1.5006   -0.6974  0.4856   -3.9874    1.8946
x69         1.2399    0.4271    2.9030  0.0037    0.4028    2.0770
x70         2.2035    0.4012    5.4926  0.0000    1.4172    2.9898
x71        -6.1846    0.3367  -18.3659  0.0000   -6.8446   -5.5246
x72        10.2602    0.5426   18.9084  0.0000    9.1967   11.3238
x73        -0.2472    0.0539   -4.5883  0.0000   -0.3528   -0.1416
x74         0.0047    0.0533    0.0886  0.9294   -0.0998    0.1093
x75         0.3904    0.1046    3.7336  0.0002    0.1854    0.5953
x76        -0.9556    0.0787  -12.1467  0.0000   -1.1098   -0.8014
x77        -0.0081    0.0148   -0.5487  0.5832   -0.0371    0.0209
x78         0.6729    0.0201   33.4947  0.0000    0.6335    0.7122
x79         0.2942    0.0247   11.8956  0.0000    0.2458    0.3427
x80         0.6804    0.0385   17.6958  0.0000    0.6051    0.7558
=================================================================

<F test: F=49201.93982821629, p=0.0, df_denom=2.74e+04, df_num=80>
