                 Generalized Linear Model Regression Results                  
==============================================================================
Dep. Variable:                      y   No. Observations:                27448
Model:                            GLM   Df Residuals:                    27368
Model Family:                Gaussian   Df Model:                           79
Link Function:          inverse_power   Scale:                      0.00040962
Method:                          IRLS   Log-Likelihood:                 68144.
Date:                Sun, 12 Dec 2021   Deviance:                       11.211
Time:                        11:11:05   Pearson chi2:                     11.2
No. Iterations:                   100   Pseudo R-squ. (CS):             0.9998
Covariance Type:            nonrobust                                         
==============================================================================
                 coef    std err          z      P>|z|      [0.025      0.975]
------------------------------------------------------------------------------
const         35.1521      5.441      6.461      0.000      24.488      45.816
x1             0.2989      0.141      2.118      0.034       0.022       0.575
x2            -0.8497      0.199     -4.265      0.000      -1.240      -0.459
x3             0.0202      0.196      0.103      0.918      -0.365       0.405
x4             0.3372      0.078      4.299      0.000       0.184       0.491
x5             0.0336      0.009      3.635      0.000       0.015       0.052
x6            -0.0143      0.011     -1.315      0.189      -0.036       0.007
x7            -0.0025      0.011     -0.241      0.809      -0.023       0.018
x8            -0.0014      0.008     -0.175      0.861      -0.017       0.015
x9            -0.7510      0.117     -6.422      0.000      -0.980      -0.522
x10            0.3579      0.113      3.167      0.002       0.136       0.579
x11           -0.1556      0.094     -1.661      0.097      -0.339       0.028
x12           -0.1334      0.068     -1.959      0.050      -0.267    7.43e-05
x13            0.0174      0.020      0.876      0.381      -0.022       0.056
x14           -0.1363      0.030     -4.554      0.000      -0.195      -0.078
x15            0.1077      0.027      3.992      0.000       0.055       0.161
x16            0.0026      0.023      0.112      0.911      -0.042       0.047
x17            0.0231      0.010      2.271      0.023       0.003       0.043
x18           -0.0238      0.016     -1.463      0.143      -0.056       0.008
x19           -0.0370      0.016     -2.340      0.019      -0.068      -0.006
x20            0.0422      0.013      3.295      0.001       0.017       0.067
x21            0.0117      0.006      2.115      0.034       0.001       0.023
x22            0.0153      0.006      2.611      0.009       0.004       0.027
x23            0.0127      0.007      1.750      0.080      -0.002       0.027
x24           -0.0096      0.007     -1.432      0.152      -0.023       0.004
x25           -1.6998      0.030    -56.186      0.000      -1.759      -1.640
x26           -0.0640      0.030     -2.155      0.031      -0.122      -0.006
x27           -0.0949      0.030     -3.207      0.001      -0.153      -0.037
x28           -0.1088      0.027     -3.996      0.000      -0.162      -0.055
x29            0.2239      0.259      0.863      0.388      -0.285       0.732
x30            0.2363      0.328      0.721      0.471      -0.406       0.878
x31           -0.4659      0.272     -1.711      0.087      -1.000       0.068
x32           -0.5260      0.170     -3.086      0.002      -0.860      -0.192
x33           -0.1986      0.126     -1.574      0.115      -0.446       0.049
x34            0.0106      0.145      0.073      0.942      -0.274       0.295
x35            0.8980      0.142      6.329      0.000       0.620       1.176
x36            0.1519      0.106      1.439      0.150      -0.055       0.359
x37            0.8462      0.212      3.994      0.000       0.431       1.261
x38           -0.0164      0.272     -0.060      0.952      -0.549       0.516
x39           -0.1204      0.193     -0.622      0.534      -0.500       0.259
x40           -0.4079      0.103     -3.952      0.000      -0.610      -0.206
x41           -0.2333      0.036     -6.435      0.000      -0.304      -0.162
x42            0.1913      0.040      4.816      0.000       0.113       0.269
x43           -0.1534      0.038     -4.051      0.000      -0.228      -0.079
x44           -0.1155      0.033     -3.484      0.000      -0.181      -0.051
x45           -0.0778      0.005    -16.864      0.000      -0.087      -0.069
x46            0.0560      0.008      7.191      0.000       0.041       0.071
x47           -0.0074      0.004     -1.672      0.095      -0.016       0.001
x48           -0.0459      0.013     -3.402      0.001      -0.072      -0.019
x49           -0.0145      0.003     -5.267      0.000      -0.020      -0.009
x50            0.0293      0.004      8.154      0.000       0.022       0.036
x51           -0.0048      0.002     -2.130      0.033      -0.009      -0.000
x52            0.0439      0.003     13.920      0.000       0.038       0.050
x53          -13.0942      0.942    -13.894      0.000     -14.941     -11.247
x54          -17.4408      1.177    -14.823      0.000     -19.747     -15.135
x55           18.1417      0.999     18.152      0.000      16.183      20.101
x56           -5.0297      1.319     -3.814      0.000      -7.614      -2.445
x57           -0.1498      0.043     -3.512      0.000      -0.233      -0.066
x58            0.1252      0.016      7.880      0.000       0.094       0.156
x59            0.1371      0.011     12.518      0.000       0.116       0.159
x60           -0.2363      0.022    -10.867      0.000      -0.279      -0.194
x61         -123.4500     10.246    -12.049      0.000    -143.532    -103.368
x62           41.4886      3.959     10.481      0.000      33.730      49.247
x63          -24.7965      4.795     -5.172      0.000     -34.194     -15.399
x64           92.5075      5.805     15.935      0.000      81.129     103.886
x65           22.9509      4.586      5.005      0.000      13.963      31.938
x66          -30.3343      3.112     -9.747      0.000     -36.434     -24.234
x67           14.8865      1.329     11.203      0.000      12.282      17.491
x68           -8.4043      0.889     -9.455      0.000     -10.146      -6.662
x69           -0.5675      0.129     -4.415      0.000      -0.819      -0.316
x70            0.1355      0.136      0.996      0.319      -0.131       0.402
x71           -0.2996      0.119     -2.512      0.012      -0.533      -0.066
x72            0.8815      0.243      3.633      0.000       0.406       1.357
x73            0.2577      0.031      8.364      0.000       0.197       0.318
x74           -0.0052      0.007     -0.777      0.437      -0.018       0.008
x75           -0.1755      0.021     -8.260      0.000      -0.217      -0.134
x76            0.4514      0.039     11.496      0.000       0.374       0.528
x77            0.0443      0.004     11.112      0.000       0.037       0.052
x78           -0.0454      0.004    -10.725      0.000      -0.054      -0.037
x79            0.0827      0.005     15.168      0.000       0.072       0.093
x80           -0.0269      0.004     -7.213      0.000      -0.034      -0.020
==============================================================================
<F test: F=476301.809347558, p=0.0, df_denom=2.74e+04, df_num=80>
AIC:            -136127.9159
BIC:            -279691.0791
