                            OLS Regression Results                            
==============================================================================
Dep. Variable:                      y   R-squared:                       0.888
Model:                            OLS   Adj. R-squared:                  0.888
Method:                 Least Squares   F-statistic:                     2746.
Date:                Tue, 07 Dec 2021   Prob (F-statistic):               0.00
Time:                        14:42:18   Log-Likelihood:                 67337.
No. Observations:               27448   AIC:                        -1.345e+05
Df Residuals:                   27368   BIC:                        -1.339e+05
Df Model:                          79                                         
Covariance Type:            nonrobust                                         
==============================================================================
                 coef    std err          t      P>|t|      [0.025      0.975]
------------------------------------------------------------------------------
x1            -0.2830      0.098     -2.878      0.004      -0.476      -0.090
x2             0.4206      0.130      3.239      0.001       0.166       0.675
x3            -0.1034      0.123     -0.838      0.402      -0.345       0.138
x4            -0.2000      0.047     -4.217      0.000      -0.293      -0.107
x5            -0.0196      0.006     -3.304      0.001      -0.031      -0.008
x6             0.0258      0.007      3.734      0.000       0.012       0.039
x7             0.0071      0.007      1.045      0.296      -0.006       0.020
x8             0.0008      0.005      0.161      0.872      -0.009       0.011
x9            -0.1092      0.075     -1.458      0.145      -0.256       0.038
x10            0.1370      0.072      1.904      0.057      -0.004       0.278
x11            0.0136      0.059      0.229      0.819      -0.103       0.130
x12            0.1037      0.043      2.416      0.016       0.020       0.188
x13            0.0198      0.013      1.542      0.123      -0.005       0.045
x14            0.0416      0.019      2.223      0.026       0.005       0.078
x15           -0.0448      0.017     -2.689      0.007      -0.078      -0.012
x16           -0.0098      0.014     -0.723      0.470      -0.036       0.017
x17           -0.0067      0.007     -0.925      0.355      -0.021       0.007
x18           -0.0084      0.011     -0.761      0.447      -0.030       0.013
x19            0.0289      0.010      2.754      0.006       0.008       0.049
x20           -0.0276      0.008     -3.271      0.001      -0.044      -0.011
x21           -0.0092      0.003     -2.673      0.008      -0.016      -0.002
x22           -0.0153      0.004     -4.169      0.000      -0.022      -0.008
x23           -0.0107      0.005     -2.342      0.019      -0.020      -0.002
x24            0.0047      0.004      1.117      0.264      -0.004       0.013
x25            0.6392      0.015     43.434      0.000       0.610       0.668
x26            0.0662      0.015      4.348      0.000       0.036       0.096
x27            0.0618      0.015      4.008      0.000       0.032       0.092
x28            0.0730      0.014      5.120      0.000       0.045       0.101
x29           -1.0849      0.154     -7.052      0.000      -1.386      -0.783
x30           -0.3915      0.193     -2.024      0.043      -0.771      -0.012
x31            0.6024      0.157      3.830      0.000       0.294       0.911
x32            0.2316      0.095      2.435      0.015       0.045       0.418
x33            1.1335      0.066     17.068      0.000       1.003       1.264
x34           -0.1111      0.079     -1.411      0.158      -0.265       0.043
x35           -0.4686      0.078     -6.025      0.000      -0.621      -0.316
x36           -0.0759      0.057     -1.333      0.183      -0.188       0.036
x37           -0.5194      0.142     -3.656      0.000      -0.798      -0.241
x38            0.2609      0.172      1.517      0.129      -0.076       0.598
x39            0.0560      0.120      0.466      0.641      -0.180       0.292
x40            0.2466      0.060      4.108      0.000       0.129       0.364
x41           -0.2207      0.021    -10.489      0.000      -0.262      -0.179
x42           -0.1025      0.024     -4.261      0.000      -0.150      -0.055
x43            0.0934      0.023      4.036      0.000       0.048       0.139
x44            0.0772      0.020      3.923      0.000       0.039       0.116
x45            0.0323      0.004      8.851      0.000       0.025       0.039
x46           -0.0215      0.005     -4.610      0.000      -0.031      -0.012
x47            0.0011      0.002      0.527      0.598      -0.003       0.005
x48            0.0266      0.008      3.212      0.001       0.010       0.043
x49           -0.0059      0.003     -1.908      0.056      -0.012       0.000
x50           -0.0099      0.001     -8.664      0.000      -0.012      -0.008
x51            0.0040      0.001      3.069      0.002       0.001       0.006
x52           -0.0124      0.002     -6.085      0.000      -0.016      -0.008
x53            2.8613      0.871      3.284      0.001       1.153       4.569
x54            2.3876      1.659      1.439      0.150      -0.864       5.639
x55           -6.4670      0.644    -10.036      0.000      -7.730      -5.204
x56            6.6201      1.301      5.088      0.000       4.070       9.170
x57           -0.0490      0.037     -1.340      0.180      -0.121       0.023
x58           -0.0091      0.009     -1.039      0.299      -0.026       0.008
x59           -0.0521      0.005     -9.549      0.000      -0.063      -0.041
x60            0.1095      0.011      9.737      0.000       0.087       0.132
x61           76.9373      6.390     12.040      0.000      64.412      89.462
x62          -39.6103      4.213     -9.403      0.000     -47.867     -31.354
x63           22.4580      3.846      5.839      0.000      14.920      29.996
x64          -53.8651      3.334    -16.155      0.000     -60.401     -47.330
x65          -19.7581      3.580     -5.518      0.000     -26.776     -12.740
x66           15.7663      1.749      9.013      0.000      12.337      19.195
x67           -8.3684      0.785    -10.666      0.000      -9.906      -6.831
x68            2.6759      0.468      5.713      0.000       1.758       3.594
x69            0.3664      0.072      5.088      0.000       0.225       0.508
x70           -0.5918      0.058    -10.248      0.000      -0.705      -0.479
x71           -0.0897      0.095     -0.944      0.345      -0.276       0.097
x72           -0.9426      0.185     -5.104      0.000      -1.305      -0.581
x73           -0.1148      0.019     -6.146      0.000      -0.151      -0.078
x74           -0.0223      0.006     -3.811      0.000      -0.034      -0.011
x75            0.1283      0.016      8.233      0.000       0.098       0.159
x76           -0.1705      0.025     -6.865      0.000      -0.219      -0.122
x77           -0.0201      0.002    -12.221      0.000      -0.023      -0.017
x78            0.0215      0.003      7.556      0.000       0.016       0.027
x79           -0.0243      0.004     -5.480      0.000      -0.033      -0.016
x80            0.0184      0.002      7.854      0.000       0.014       0.023
==============================================================================
Omnibus:                    20425.040   Durbin-Watson:                   1.806
Prob(Omnibus):                  0.000   Jarque-Bera (JB):         12710969.799
Skew:                          -2.336   Prob(JB):                         0.00
Kurtosis:                     108.320   Cond. No.                     5.50e+05
==============================================================================

Notes:
[1] Standard Errors assume that the covariance matrix of the errors is correctly specified.
[2] The condition number is large, 5.5e+05. This might indicate that there are
strong multicollinearity or other numerical problems.
