                            OLS Regression Results                            
==============================================================================
Dep. Variable:                      y   R-squared:                       0.782
Model:                            OLS   Adj. R-squared:                  0.781
Method:                 Least Squares   F-statistic:                     1242.
Date:                Tue, 07 Dec 2021   Prob (F-statistic):               0.00
Time:                        14:41:59   Log-Likelihood:                 46593.
No. Observations:               27448   AIC:                        -9.303e+04
Df Residuals:                   27368   BIC:                        -9.237e+04
Df Model:                          79                                         
Covariance Type:            nonrobust                                         
==============================================================================
                 coef    std err          t      P>|t|      [0.025      0.975]
------------------------------------------------------------------------------
x1            -0.3700      0.104     -3.563      0.000      -0.574      -0.167
x2             0.1401      0.129      1.086      0.278      -0.113       0.393
x3            -0.1966      0.121     -1.628      0.104      -0.433       0.040
x4            -0.1074      0.079     -1.360      0.174      -0.262       0.047
x5             0.0370      0.014      2.637      0.008       0.010       0.065
x6             0.0741      0.017      4.331      0.000       0.041       0.108
x7             0.0095      0.016      0.583      0.560      -0.023       0.042
x8            -0.0594      0.012     -4.940      0.000      -0.083      -0.036
x9            -0.2771      0.082     -3.360      0.001      -0.439      -0.115
x10            0.3940      0.084      4.672      0.000       0.229       0.559
x11           -0.0763      0.072     -1.060      0.289      -0.218       0.065
x12           -0.0319      0.051     -0.627      0.531      -0.132       0.068
x13            0.1153      0.016      7.004      0.000       0.083       0.148
x14           -0.1082      0.022     -4.967      0.000      -0.151      -0.066
x15           -0.0697      0.021     -3.292      0.001      -0.111      -0.028
x16            0.0086      0.016      0.545      0.586      -0.022       0.040
x17           -0.0374      0.011     -3.314      0.001      -0.059      -0.015
x18            0.0295      0.016      1.892      0.058      -0.001       0.060
x19            0.0089      0.013      0.668      0.504      -0.017       0.035
x20            0.0404      0.011      3.516      0.000       0.018       0.063
x21            0.0619      0.020      3.082      0.002       0.023       0.101
x22           -0.0195      0.039     -0.494      0.622      -0.097       0.058
x23           -0.1840      0.043     -4.318      0.000      -0.268      -0.100
x24            0.0404      0.037      1.099      0.272      -0.032       0.112
x25            0.5791      0.028     21.011      0.000       0.525       0.633
x26            0.1504      0.027      5.550      0.000       0.097       0.203
x27            0.0182      0.029      0.619      0.536      -0.039       0.076
x28           -0.0212      0.029     -0.740      0.460      -0.077       0.035
x29           -0.2498      0.154     -1.622      0.105      -0.552       0.052
x30           -0.0119      0.194     -0.061      0.951      -0.392       0.368
x31            0.6072      0.164      3.700      0.000       0.286       0.929
x32           -0.4036      0.101     -3.983      0.000      -0.602      -0.205
x33            0.0625      0.077      0.815      0.415      -0.088       0.213
x34            0.0528      0.087      0.607      0.544      -0.118       0.223
x35           -0.0537      0.085     -0.629      0.529      -0.221       0.114
x36            0.0466      0.065      0.715      0.475      -0.081       0.174
x37           -0.1819      0.146     -1.245      0.213      -0.468       0.104
x38            0.0877      0.169      0.518      0.605      -0.244       0.420
x39            0.2861      0.128      2.228      0.026       0.034       0.538
x40            0.1728      0.079      2.198      0.028       0.019       0.327
x41           -0.1145      0.028     -4.111      0.000      -0.169      -0.060
x42            0.0529      0.032      1.671      0.095      -0.009       0.115
x43            0.0244      0.030      0.801      0.423      -0.035       0.084
x44            0.0051      0.027      0.191      0.848      -0.047       0.057
x45            0.0208      0.007      3.123      0.002       0.008       0.034
x46           -0.0129      0.031     -0.421      0.674      -0.073       0.047
x47           -0.1545      0.021     -7.309      0.000      -0.196      -0.113
x48            0.0574      0.007      8.587      0.000       0.044       0.071
x49           -0.0615      0.007     -9.075      0.000      -0.075      -0.048
x50           -0.5562      0.027    -20.753      0.000      -0.609      -0.504
x51            0.0753      0.015      5.142      0.000       0.047       0.104
x52           -0.0889      0.034     -2.605      0.009      -0.156      -0.022
x53           -0.5377      1.029     -0.522      0.601      -2.555       1.480
x54          -26.0942      0.978    -26.682      0.000     -28.011     -24.177
x55           -4.2981      0.687     -6.257      0.000      -5.645      -2.952
x56           24.5871      1.142     21.535      0.000      22.349      26.825
x57           -0.2847      0.522     -0.545      0.586      -1.308       0.739
x58            9.3549      0.436     21.446      0.000       8.500      10.210
x59            2.0223      0.275      7.347      0.000       1.483       2.562
x60           -0.2562      0.257     -0.999      0.318      -0.759       0.247
x61           79.0444      9.474      8.343      0.000      60.474      97.615
x62          -32.4249      4.796     -6.761      0.000     -41.825     -23.025
x63           22.5975      2.796      8.081      0.000      17.116      28.079
x64          -23.2567      1.562    -14.892      0.000     -26.318     -20.196
x65          -17.4524      2.880     -6.059      0.000     -23.098     -11.807
x66           -9.1599      1.588     -5.768      0.000     -12.272      -6.047
x67           -8.6975      1.074     -8.097      0.000     -10.803      -6.592
x68           -7.4829      1.103     -6.786      0.000      -9.644      -5.321
x69           -0.3945      0.131     -3.007      0.003      -0.652      -0.137
x70           -1.5341      0.187     -8.206      0.000      -1.901      -1.168
x71            0.5839      0.283      2.065      0.039       0.030       1.138
x72           -5.4510      0.185    -29.457      0.000      -5.814      -5.088
x73           -0.0706      0.032     -2.210      0.027      -0.133      -0.008
x74           -0.3063      0.052     -5.881      0.000      -0.408      -0.204
x75           -0.0576      0.047     -1.232      0.218      -0.149       0.034
x76            0.1493      0.023      6.410      0.000       0.104       0.195
x77           -0.0219      0.007     -3.139      0.002      -0.036      -0.008
x78           -0.2444      0.006    -42.140      0.000      -0.256      -0.233
x79           -0.1606      0.009    -17.906      0.000      -0.178      -0.143
x80           -0.1023      0.028     -3.623      0.000      -0.158      -0.047
==============================================================================
Omnibus:                     8157.791   Durbin-Watson:                   1.370
Prob(Omnibus):                  0.000   Jarque-Bera (JB):           133528.800
Skew:                           0.995   Prob(JB):                         0.00
Kurtosis:                      13.621   Cond. No.                     2.72e+05
==============================================================================

Notes:
[1] Standard Errors assume that the covariance matrix of the errors is correctly specified.
[2] The condition number is large, 2.72e+05. This might indicate that there are
strong multicollinearity or other numerical problems.
